	num_clusters num_rows num_cols
3 500 2
	centroid of each cluster
24.72844095 24.62269029
44.83222777 44.49782861
4.41668183 4.61872626
	position of each point
1 43.05641677 42.34534669
1 47.44014525 48.71505793
2 2.96552169 1.80315299
0 20.08706343 25.38298813
2 0.58621667 5.97677707
0 23.03903009 27.15972787
0 20.88961696 27.77124130
1 45.59254771 46.34607414
0 28.15320806 20.13876375
0 22.44217358 24.77925042
1 46.39805061 47.83566720
1 48.13222042 46.27581244
1 44.01330082 40.24133413
2 2.36021126 0.32839756
1 47.41142786 40.91461424
2 8.16355160 3.95364433
0 28.84815042 24.84326129
1 47.38474134 41.43580899
2 7.68677880 0.58901705
0 21.90901636 23.03119063
0 27.31504686 20.42924124
2 6.06642405 8.56146165
1 44.53285915 43.57476247
2 4.80244725 5.93497374
2 1.45502347 4.34640159
0 24.08437675 23.50995319
0 24.87345790 23.35810361
0 24.43378034 21.74284495
2 1.34017692 0.42962374
2 7.38533725 2.33864011
1 40.20974799 40.65368697
2 0.86982593 6.72011102
1 47.80571632 42.25297017
2 5.98294083 7.05541742
1 44.48856290 48.51044089
1 43.90879920 43.59481764
1 47.28267984 48.46827554
1 46.49982175 43.90205588
0 27.15277266 25.24223280
0 28.39474061 23.62757004
2 3.66789920 3.83731803
1 48.37029903 44.70714396
2 3.63416050 3.51286028
0 22.47278445 20.49580110
2 7.24638213 4.98436400
2 7.36638140 8.89316321
0 21.99633386 27.17584304
2 8.98438993 4.67566479
0 28.71529094 22.82843744
1 48.87581570 42.22317805
2 2.37498056 5.89107725
0 25.52783240 25.26137627
2 6.40079525 8.89553678
1 40.52672827 42.36832122
2 1.70807871 0.61470335
0 22.39987003 27.98108476
1 46.68647899 40.97741862
0 21.44136349 20.96180854
2 0.09830386 0.67709948
0 23.99747702 20.55291517
2 2.52422022 2.92789573
1 44.88828144 48.45572813
1 42.95948663 45.85652338
0 24.54355209 26.38325165
2 6.62341866 8.09133037
2 4.68764921 1.49120040
1 42.64504298 48.17767939
0 27.77827978 20.61904288
0 28.58718136 20.71734673
0 23.22452038 24.71482375
2 0.08503745 7.23904398
0 22.83663177 23.12732542
2 1.84960236 6.08681205
1 40.75810972 41.63036414
2 2.03493831 8.25378279
0 23.92647025 23.94143201
1 44.79908694 46.58647499
2 6.64912225 5.36475476
0 20.46096609 24.95193612
1 43.94990942 48.17645650
1 47.99176792 48.26149394
1 45.96152215 42.09812571
0 23.38700451 23.94772807
1 46.66901025 44.70583779
2 7.33426765 6.74077610
0 27.09085541 21.66724634
2 8.33864356 6.46633328
1 48.76411110 44.11545553
1 40.80862152 44.57642162
2 2.57047867 8.52633104
0 20.04715958 27.51809896
1 44.76288446 44.47962110
1 43.60593477 47.86662561
0 28.53579712 25.53563586
2 6.09602361 3.86990351
2 2.91003289 1.96075891
1 43.66547417 41.29940247
0 22.00739044 21.06351357
2 5.71406147 1.87213509
2 5.37266861 4.44261376
2 4.20773224 4.48977335
2 2.30428982 0.25265781
0 22.49897310 23.85859258
2 6.64138446 3.39438969
0 26.48963360 20.49041329
0 24.07865884 23.40044618
0 23.33493042 27.06592035
2 0.05753529 0.07331079
2 0.89559568 5.78737226
0 26.31007770 22.16004086
2 2.25089075 6.36777311
2 5.70980275 8.67206293
1 44.64833585 42.17103603
0 22.45349456 28.81242048
0 25.79428913 26.30205408
2 4.00498721 1.38071291
0 24.17644421 24.71564334
0 25.64730367 24.77317863
2 8.18167671 5.66877431
2 3.58818484 2.97885200
0 23.43730672 25.22974275
1 47.77620196 41.93954550
2 3.36775500 6.58788135
2 2.81790062 0.04137590
0 25.66243593 25.83566504
0 28.99738454 20.84065225
2 6.73277932 5.01709645
1 42.53409446 41.66440013
0 27.40872040 20.84607683
0 20.07071859 24.43426167
2 3.89275765 7.87156839
0 25.08256981 26.64777035
1 45.94444490 41.01552535
1 48.97735602 43.83342597
0 22.82268761 20.49586190
0 22.97007329 20.49324643
2 4.49817187 7.22602576
0 21.74191379 20.76012022
1 43.75883433 48.16884062
1 42.44452918 48.23955920
1 44.10907604 43.13231684
0 22.00336565 28.21488666
0 21.83720075 25.15933155
1 48.25891720 45.13668757
1 45.72200956 47.95937518
1 40.02076694 41.92944846
2 4.16017657 6.42762033
2 4.31668265 8.16953412
0 26.13758886 22.92836845
1 48.80457190 45.37289763
2 6.90581661 0.48197367
2 3.87862971 2.48533932
2 7.49921316 4.32254007
2 3.13532197 3.58145727
1 42.60485674 40.30346683
2 2.57025341 0.32423376
0 23.02889652 24.48441033
2 1.71356539 8.80109299
2 1.15835447 5.93868185
0 28.77198416 25.74325375
2 6.62517305 3.64907035
1 47.61067879 47.52770007
0 27.81107117 26.02691322
2 4.17079511 0.16223519
2 5.66720661 2.76709193
0 26.12299329 25.33734534
2 8.50822844 8.36624187
1 48.32108391 41.07980725
1 47.30347350 42.23816172
2 0.21423154 2.01014588
1 47.49788720 48.63531893
1 46.26351654 47.24599772
1 47.51448519 46.05706888
2 4.08799391 1.22786399
1 44.24295991 46.89507060
0 24.70139272 24.01806389
1 45.48405931 43.52629232
2 1.75113622 2.84737623
0 26.81930613 21.15084974
2 8.82615787 1.36508127
2 7.57626336 8.86296848
2 0.97543920 6.12648501
0 21.90231510 24.64097020
0 28.85610423 28.72896411
0 26.97212855 23.97192401
0 27.85524479 28.67331674
0 25.07570637 25.15737604
2 1.66240981 6.90851227
1 48.32892051 44.72781839
1 48.23359291 44.55397625
1 41.14841120 43.13023961
2 2.69854841 4.10567881
0 22.49468334 26.00799391
0 28.34788715 25.86409815
1 46.42895495 43.83622670
0 22.40509335 22.69147148
0 22.39929564 27.76717785
0 25.91979025 20.42958766
2 3.28766109 8.75850817
2 1.80638167 7.99210108
1 41.69018353 40.14051228
2 1.43695385 2.83906069
2 7.31020920 5.33374403
0 28.82443473 24.68163118
1 41.06762437 42.11058612
2 6.28273803 4.51567948
2 2.17116842 6.91497512
1 43.21697485 43.83476537
1 42.17129354 47.12242646
2 5.85343061 8.92880814
1 45.08954394 41.61899166
1 47.45589688 43.05594551
0 24.92792863 21.36615471
0 28.40795429 21.19058944
2 8.75207810 2.25821381
1 43.93242860 48.54095184
1 41.80425059 41.71212025
1 47.44325043 44.92909510
2 4.51183793 7.10038864
2 1.33893360 3.95381925
2 6.15813035 0.04336319
2 2.11783938 7.49926008
0 20.91660909 23.42718870
0 25.04912283 22.83514299
0 24.86326774 22.58722109
2 6.78799877 6.51964969
0 24.22840928 28.32390028
0 28.58379490 26.76715070
1 47.77394589 42.27898863
1 45.08652333 43.61792223
0 22.32790891 20.77605257
1 41.18828615 42.89389195
0 23.10460891 23.81050104
0 26.38708637 28.85962387
1 41.86015327 44.72289160
0 28.59143397 22.51089038
2 5.86366651 6.73929965
1 44.84801931 46.32309455
0 28.76146720 25.09704044
0 21.77530373 21.18356377
0 27.74295951 23.51147269
1 44.75397847 44.69975884
1 40.26425751 47.80436775
1 48.20172526 45.19145411
0 20.97433598 27.05160738
0 25.33416781 26.64304135
1 47.21364931 43.50670786
0 28.41703110 28.35472718
1 47.38756359 48.11619438
0 28.63708470 20.89149810
0 24.50452804 28.63445761
1 41.14802395 44.38843608
0 20.68541182 24.65269359
0 24.03330074 23.85441884
2 7.24081352 4.82875483
2 6.17121790 1.16292263
2 7.61251267 8.37657195
0 26.79310708 27.79360304
0 23.29679604 26.18116663
1 44.89752545 45.81825133
0 27.68181863 21.32277936
1 44.97758449 42.47080332
1 46.97310919 43.15621514
0 27.77300163 27.18951588
0 24.76434818 25.43032940
1 48.80730211 42.60154730
1 41.49329739 41.21405996
1 46.68600054 48.00716704
2 2.23343085 2.30396308
1 45.89705555 47.20148853
0 21.45217833 25.88330715
0 25.64175873 21.86089163
0 25.21977520 28.83400082
1 40.45048526 47.60700245
0 28.53561416 23.37135063
2 3.44949789 3.17865273
1 48.52630425 44.67195013
1 43.97968255 42.35795066
2 7.22666390 4.59138151
0 27.65481187 21.48843705
2 4.90121116 2.94061539
0 23.47038983 28.58237412
1 44.51037181 44.80214931
2 8.70656893 5.25263457
0 22.09228193 24.78824873
0 20.90832433 28.23774662
0 22.32591403 27.76405087
0 24.95756369 22.74373341
0 26.59638039 20.97039731
0 21.53916016 28.62520918
0 23.68342847 24.52642034
1 42.71100393 47.99681016
2 3.59947101 3.50718197
1 44.32193892 43.21375090
0 23.65140927 25.30603283
0 26.35223025 26.21435716
0 23.23170396 28.54027119
2 4.78312780 4.49783487
1 48.69250230 42.09421525
1 48.19325831 43.63337542
1 40.18245137 47.31680389
2 4.11225982 1.02780781
0 27.62444240 24.62727882
0 26.93877428 28.94921775
0 22.50574074 23.60062702
1 42.86095593 40.95285727
1 42.45391774 44.18456123
0 20.81093041 28.96768902
2 1.91167650 8.66019132
2 3.98281990 7.85344962
1 45.67917246 48.03590099
0 22.90194537 23.14816081
2 8.12152844 1.77260321
2 7.84829347 8.71137749
1 41.78880939 42.21711823
1 41.03535815 45.07807416
0 26.49626407 27.53199189
1 42.49744117 48.34292230
1 42.99645313 41.25459880
1 45.58968036 45.23741870
0 22.81628299 21.91659116
0 27.35968952 24.81853653
0 23.93090386 23.94006496
1 45.12939702 42.78835842
0 26.27710793 24.57716782
2 2.02544585 5.61252597
2 7.72664105 3.10879003
0 28.61239747 25.60623120
2 0.46584290 8.60268434
2 0.97947966 5.19236469
2 0.34656604 8.00864769
0 27.74955340 26.36833720
2 0.30070157 1.29924106
0 23.62445295 26.42863808
0 26.65958183 23.70574600
0 22.91182892 25.73119186
2 4.24215018 4.45783290
0 24.10446332 24.07023036
1 43.30969877 44.53607327
0 23.76953302 25.51555292
0 20.46678596 25.86211896
1 48.08063007 44.61167236
2 2.51301070 4.91237393
0 20.88545630 28.53682688
2 2.04626032 6.19640870
2 7.78423216 0.10823763
2 1.13472995 4.35038781
1 46.59401779 48.45485113
1 48.65953682 42.76454990
1 41.32774018 46.53408291
2 8.18830824 7.00086887
0 25.05752397 26.08149893
1 48.29507691 48.59450963
2 3.83187090 0.47996593
0 25.79730298 22.52622624
1 42.46848105 41.31045840
0 24.87085098 22.44518835
2 2.73105381 0.03920614
2 4.66148700 8.69874296
0 22.12799345 21.02648315
1 45.11005282 40.21479138
0 24.95423116 25.27231536
0 20.41008185 24.56739226
0 20.77830646 28.39926317
1 40.68335796 45.19656614
2 6.78481816 7.66504719
2 3.99451599 3.53589817
1 45.55460163 46.26695198
2 6.56953839 1.92843897
0 21.34902504 24.05643242
1 42.66259461 40.16648524
1 41.97703305 45.12071640
1 47.37297042 45.53079825
0 23.36341741 26.30910472
0 28.83383035 26.99246268
2 7.83046952 4.77728084
2 8.13756709 8.77179683
0 21.88985302 25.32639845
0 24.68134508 22.89593684
1 47.17158011 44.24496188
1 41.68829828 46.90755649
1 45.41980784 48.88458954
1 45.42363275 47.25755996
2 0.99484992 1.62097737
1 44.96533026 41.45480771
2 5.13237674 0.28527723
1 43.96447041 48.42284432
1 46.33246226 41.31269733
2 5.96740607 5.99404241
1 47.53078886 44.16562252
0 24.15060406 25.85392080
0 20.93690451 22.27372863
2 2.84392136 7.69736138
1 41.28173645 48.69221130
1 46.02865627 44.65754156
1 48.76803875 40.78991830
0 27.28470208 24.75438872
2 5.57316222 2.08685097
0 20.18802082 28.05425704
1 46.69881626 46.58504590
1 48.45457358 41.73564996
0 28.11788739 22.67255447
2 7.66579073 5.51647583
0 25.47125403 26.79821228
2 4.89769469 3.82686854
1 45.77894306 43.59490729
1 46.94546866 41.87960936
2 7.53483858 7.45277159
2 0.43690583 7.64079241
1 48.33301550 45.33960867
0 22.39474768 24.79418225
2 2.31040066 3.91206963
0 24.49978227 22.57786036
1 45.38652525 48.04911438
0 25.96547952 23.94680907
2 2.20197536 0.72575212
0 28.22838950 27.67122079
0 21.00919235 26.20605937
1 44.87684617 46.64296520
0 27.79875703 25.97598070
0 28.30571379 28.37072838
1 41.54832051 41.68112903
1 46.46348169 46.18091130
2 7.89511870 2.56743654
2 7.12496799 8.53291607
1 41.18168582 41.73489142
1 47.83331094 40.96328092
2 7.36454543 1.97247327
1 45.34855150 46.84931944
0 21.97334998 25.64807647
0 23.93775713 24.95379026
2 1.69634653 6.50211077
0 23.36700555 23.96559246
2 7.61552493 2.86071115
1 41.91315868 40.98567914
0 20.15760151 22.16736496
0 28.12779646 21.00067590
2 5.76921219 8.36522134
1 40.61668730 44.71377284
1 42.10712761 46.68712282
0 20.57354861 21.62487994
2 7.41069800 3.32122647
0 26.92897642 26.68823202
1 43.62816614 45.30375695
0 22.89479240 27.21691563
1 41.69433473 47.37451714
1 42.22876848 46.50231360
0 23.72648315 23.27152578
0 27.19667109 23.88821308
2 8.51617846 5.99534069
0 26.48376230 26.56888930
1 40.40513641 44.97958731
2 0.82862128 2.90856372
2 5.21769861 6.53672987
1 43.46748709 40.43152226
2 2.70295471 2.12585700
0 24.10578730 24.35462548
1 46.50929580 48.08110863
2 8.27802562 6.27777971
0 25.76052828 25.79395817
2 0.93015375 3.27772047
1 46.72465917 43.68285687
2 6.84039106 4.51147815
2 4.64435496 0.72917676
2 7.75207581 4.19666385
2 0.07671228 6.89961856
0 28.77586589 22.00540586
2 5.97733309 8.51470166
0 26.45032607 27.79272727
0 21.81153214 24.55325555
2 3.16807890 5.48340931
2 2.09351496 3.20806847
0 25.99853833 21.04845953
1 43.81212541 45.69281449
2 8.16244237 4.44489029
0 23.94428159 24.52160257
2 1.85197781 4.29746845
1 44.11429950 41.27480154
2 5.45772982 7.72512761
1 44.07893984 40.53665975
0 28.49410804 23.70473865
1 47.18699669 45.79825361
2 0.56274222 2.79679193
0 27.44996590 26.60891735
1 46.06636634 45.77135972
0 28.87943063 20.71564130
2 0.59211347 2.56761911
1 43.31020217 46.68191861
1 45.54299253 43.13964842
0 26.56851016 27.21858827
1 43.14728334 46.71269630
0 25.20946583 24.89969299
1 41.47971679 45.46243521
1 47.79842728 43.91240111
1 41.80995226 40.97876745
2 0.26636752 0.85819807
0 23.24438536 21.45031154
0 21.51987164 24.76051371
1 41.07015946 41.30350624
0 28.34557490 27.87201640
