	num_clusters num_rows num_cols
3 500 2
	centroid of each cluster
49.80821447 49.95521002
29.14421825 28.74494707
9.20780961 9.34218501
	position of each point
0 46.97638536 51.40816003
1 24.93103770 27.39124837
2 5.30190395 6.80243824
2 2.15824934 4.53685039
2 0.61912705 4.23808461
2 4.75690145 4.05362534
2 4.61307089 4.10078970
2 9.41896050 8.16155715
0 51.16920306 53.34423525
0 59.02442300 53.12771775
1 22.18117593 20.10410310
1 32.39324323 25.03514080
0 43.71815713 50.33704475
1 24.95009548 32.49529409
0 59.38773072 53.11442114
0 48.47477943 57.87132260
0 54.80885987 42.48439348
1 31.85310455 31.90335399
2 11.32190018 3.07255704
1 39.01852110 22.09698004
2 18.92495645 4.27815597
1 30.23955182 36.67139920
1 28.94539556 20.38955633
2 14.45367754 5.33965181
2 4.49880990 4.72738253
0 58.78202690 53.20216196
0 57.11886922 48.01102182
0 39.55650124 39.86412637
0 50.15569040 51.18602654
0 54.09911482 50.20454764
0 51.17025697 49.12950408
1 28.34550223 39.36905590
2 10.55588829 8.31445145
2 3.10331908 2.76812898
0 48.14604397 47.26693889
2 6.30319001 6.04896578
0 42.33165862 43.16783500
2 0.84452073 2.72433623
1 31.26073683 32.88002664
2 4.74950997 6.97914145
0 40.33526314 58.14939842
1 20.19917229 26.49490065
1 16.73448064 17.05078894
1 33.65934531 20.15410801
0 55.92386179 48.30015200
0 42.91576079 54.60334200
0 43.10982176 56.93500062
0 51.31490456 57.77952136
1 39.38411373 29.04025819
1 38.63934942 33.78976816
0 48.09913275 54.12503131
1 26.68842016 34.32420361
1 24.64676346 31.05868425
0 50.91955822 44.71802955
1 39.96048196 20.64189133
0 56.26834458 43.55765213
2 18.62517300 6.66747390
1 24.14983641 37.98237846
2 12.39883606 17.36649218
0 53.52786233 56.00584159
1 21.63603006 24.10497434
1 27.89359621 30.79339450
2 0.64606301 15.44015797
0 50.44931874 46.35971617
2 0.40668248 6.32019813
0 58.66419824 42.58854271
1 31.52505597 21.21371570
2 1.32091432 5.36355212
2 8.89629404 17.76238818
0 45.51193194 51.29025050
1 35.91733800 32.92628056
1 20.44777536 20.81987676
0 59.30241633 41.46593977
2 9.21574154 11.91525851
1 23.84709630 32.32194100
1 39.12034241 30.98613923
2 17.95124064 2.51119519
1 23.44961276 23.83210952
2 6.93036335 12.72840355
2 7.77760611 18.24033549
1 24.63069047 34.15767348
2 5.58874917 14.60544884
1 37.34020236 33.90786517
0 44.53181351 43.12360671
1 38.08314084 26.97070301
2 17.95466629 6.09104540
1 20.41473445 24.04228604
1 24.08851831 27.49189880
1 33.12585430 34.42226216
0 59.92557845 42.19986826
0 58.01555309 46.83055873
2 9.03180830 12.41930790
1 20.86794027 29.75951026
1 34.17001202 34.29132377
2 19.38734228 12.37446460
0 56.92661353 50.32913087
0 45.45202400 50.74386532
0 56.48862967 54.83238363
1 31.35734485 27.95823792
0 58.95446359 47.88381637
2 4.79191780 5.89936946
0 44.78704550 54.93117776
1 19.38762204 15.79911803
1 27.89606373 29.96913004
0 59.52811214 49.35647232
1 38.13086355 26.28308584
1 22.82466036 31.73510984
2 11.56074322 8.22373951
0 47.78872487 59.58108436
1 18.43896869 18.53554794
2 11.28908077 3.32746574
1 30.96975158 28.11451124
0 43.06973028 47.50213327
0 44.92921924 55.39819701
0 41.08003196 54.92630915
2 9.60530928 13.05717270
2 8.45971747 15.88183306
1 38.05799098 27.44257627
0 42.48864810 55.23130115
2 14.87754317 13.67026983
2 15.15025460 4.95935059
2 1.32233547 15.92910218
2 2.42559411 18.99883246
0 59.32797078 43.92805170
2 6.19947748 5.00808367
2 2.42745649 14.61339296
1 24.93852135 23.07311041
0 59.18469605 41.13110138
0 41.65461025 43.61974948
1 23.70560882 38.49729266
2 4.29215532 13.64754725
2 8.20616757 14.96988272
2 0.23469105 17.39547684
1 19.76534783 16.72344761
0 54.69420159 42.92292508
1 24.54936450 25.35038157
2 7.46170010 10.28890292
1 26.25586875 29.47359896
0 52.49261368 51.12820921
1 33.96065975 34.83381803
1 29.09897565 39.12597336
0 49.19664215 47.33214092
1 25.22341082 27.56683198
2 0.24901195 7.33217980
0 59.20266478 42.02638138
2 3.16440127 6.57574589
1 21.73953072 34.03744599
2 3.38777058 0.29331474
1 26.16711183 32.78592841
1 32.56620256 26.74658816
1 37.46258594 35.84556381
2 16.00651656 5.04220596
1 29.52032989 30.26561678
2 0.42962006 10.51462872
1 28.06235783 29.71729350
1 38.61802068 32.88169477
2 14.52406509 14.62122549
2 0.71901240 18.00899608
1 36.38755869 24.17610790
0 43.18431417 56.74231046
0 44.81488768 54.20489639
0 45.57143455 50.21141294
1 33.66012234 39.73174283
1 29.31564209 20.16136289
1 32.30334166 28.22372073
0 57.31742261 46.84174140
1 28.90724943 21.36580648
2 14.53452225 2.08481888
0 40.45510979 58.47237757
1 39.16162576 21.65669174
0 44.61472987 46.47157942
0 45.91339780 52.04301398
2 12.25427169 5.70313631
0 48.86076235 55.01877840
0 55.98188173 47.32212006
1 32.82029460 24.63954265
0 42.54040224 53.54679209
0 46.88173537 48.08131433
1 29.23206456 28.53642413
0 55.75850166 47.69804988
0 59.02724921 52.31277976
0 56.50089313 58.22617757
0 44.18594999 50.48044925
2 11.60274967 19.34121161
1 39.18091225 35.32309333
1 34.98279555 28.14338792
2 17.62642026 10.68379016
1 21.63585144 37.56552553
0 47.73010152 46.79759008
1 32.29672916 22.55609173
0 58.52004855 41.58334093
2 11.21494735 18.08423406
2 15.95286013 2.27018404
2 6.39390922 13.87293371
0 51.85373670 53.05384596
1 24.63568424 28.03664151
2 2.05717445 5.66306177
0 53.02545674 47.29891321
2 12.07505336 15.02901473
0 59.66107410 47.32574388
1 34.94514473 25.84579242
0 42.54199510 57.06073977
0 48.36502305 53.01359989
1 24.66850024 39.40750911
2 0.31318903 11.26124581
2 11.28097115 15.89693005
0 50.39214119 57.95410450
1 20.18710137 30.97956122
2 7.54758709 3.05461457
0 41.70566288 42.71568867
0 38.41983042 37.66083339
0 56.71733887 40.20282849
1 33.09908138 28.56785153
1 31.75100793 33.23635177
1 24.27586818 33.54954080
1 29.85457440 24.83051194
1 23.46992213 35.22265313
2 2.74833162 15.40975451
1 29.32565433 22.95734160
0 50.93199175 44.66300448
2 19.86407306 3.08283488
1 14.64194678 19.80017376
1 26.48056027 32.89925513
1 31.33277365 24.65026305
0 55.59249613 48.92613125
0 51.11346442 58.78070565
0 42.53136275 42.25062777
0 51.90336559 44.99895941
2 12.25492963 14.32461374
0 55.66110826 45.25660549
2 1.78297555 5.12067855
0 45.56567624 59.76262533
0 49.55120541 46.24318559
2 2.10458610 17.57595924
2 7.89431857 13.16845537
1 27.23359184 24.28191978
0 51.40337704 46.81328253
1 30.79581538 38.71664812
0 45.59800822 50.97157775
2 3.35754265 6.63268600
2 5.78008157 8.41566155
1 31.28545538 33.98133779
0 56.59100294 43.53254318
0 54.79580562 45.63712929
2 17.65087136 13.53144786
2 9.43206834 0.76503969
2 19.99397097 12.16841674
1 32.80650137 22.96423211
1 30.61799118 28.56224033
2 2.75409471 11.91978299
0 40.14680374 57.69986456
1 22.66019132 28.98531993
0 44.93620422 45.57632286
1 33.45540271 20.37212848
0 39.55056043 38.02299985
1 38.81417351 27.45506818
1 22.35970636 27.44903914
2 12.71852176 0.25554050
2 1.79398527 10.87353168
1 21.84102652 33.62762640
1 28.52075377 33.77443014
1 23.61614257 36.43462147
1 32.69286917 21.37082568
1 25.30213895 34.82622840
1 23.54853801 34.37678883
2 15.32638494 13.19096232
0 47.86927156 55.55066869
1 32.58057491 28.26919045
1 20.25611036 30.06317571
1 36.49388617 31.90420223
0 44.65144495 40.42495599
1 30.50886829 24.04109857
2 5.35161156 16.73396774
1 25.77067769 22.03610668
0 46.56187232 45.58464469
0 45.37606677 40.91102962
0 51.64532941 48.78030118
2 5.36363118 1.36087608
1 39.33747346 21.61698645
0 44.18484740 58.11087262
1 22.65984774 22.76231756
0 54.90927823 53.27118585
0 43.59333017 58.62279741
1 33.64820782 24.39347509
1 38.52931385 30.95534741
0 57.78720871 56.33141420
2 10.23606588 7.97674360
2 18.23559174 13.34037478
2 14.50430805 12.67784823
1 20.83620005 36.86269563
0 59.07229430 59.52254337
1 37.73334453 34.43182160
0 40.43549333 58.02515177
0 59.87160987 51.67335958
1 21.34383309 30.20267343
2 8.40070100 7.98988212
1 36.36859854 38.22594800
1 33.11679724 36.46153973
2 11.22587203 10.96584777
0 50.95193327 51.80204782
1 28.78886712 30.87434211
2 9.38811853 8.60768663
2 3.25855578 9.04317996
1 35.75179045 28.91478983
2 12.63850021 10.25862292
2 0.48055737 18.65932392
2 4.65402873 15.02792245
1 36.80424370 28.14471968
2 2.29483342 19.37059171
0 40.46327138 50.32252497
0 55.49440497 59.11139209
1 30.04808193 28.49951062
2 19.03358048 11.75806640
0 46.04423079 47.50985685
2 4.72824068 0.14835705
1 33.61492400 20.62891442
2 10.49148943 5.28294316
2 5.59400285 2.08718685
1 37.15805600 24.38202027
0 59.68795692 44.84529165
1 34.01990564 20.33969662
2 19.22619648 10.38777855
0 53.04017394 49.42135903
0 55.89733138 55.46558982
1 27.66927863 20.19383049
2 9.69984880 13.80875448
2 10.38974288 4.30024390
0 46.10755940 49.89424675
0 49.97009560 47.05230275
2 13.20322350 6.74025965
1 26.75887636 20.76016529
1 19.42592131 19.98636177
1 20.59247687 33.02653570
1 33.51709883 28.92386708
2 13.95157764 16.59314571
1 34.53441350 26.29299451
0 55.74616379 56.68273739
2 2.24085722 2.79029680
1 30.82273751 32.76039240
1 23.78663805 25.96361589
2 1.59583026 12.72249225
1 39.74471909 32.14841356
0 48.28138646 52.74089043
0 46.23941285 46.25798925
1 39.66302906 20.20956689
1 33.28047574 34.74398039
1 20.70667691 30.49014417
0 52.43312197 52.73100139
1 34.05381379 23.55373889
0 42.72680834 47.34037695
0 58.14006256 48.93620721
1 34.31348204 28.68092630
1 30.47326330 36.96231276
2 19.65958025 3.20172561
2 17.76976428 2.86475466
2 12.47309400 16.14523040
2 13.46941825 16.85190731
0 51.14847987 49.28502928
1 31.61783830 23.33884306
0 44.84758911 46.06565140
1 24.04095582 24.20571395
1 15.95681479 18.51919601
1 20.02108729 28.99245929
2 16.82625024 8.65203954
2 19.88940243 6.42180381
2 3.16212149 18.89489781
0 41.17882094 52.36431605
1 29.68566457 23.51279591
0 50.92350957 55.13063421
0 55.71509348 59.97822333
2 7.84705432 4.01917914
2 8.91522238 19.97599393
0 38.66431674 39.99708124
2 5.37572384 16.82333147
1 35.28885656 36.71273389
1 28.06674392 39.87485538
2 16.98986170 1.05367633
1 22.76488676 30.73934090
1 37.82494111 21.66285046
1 36.22383851 37.37794394
0 40.68838731 45.22499826
1 29.35865009 34.14022064
0 56.54810886 52.80453738
0 52.73002691 58.18026123
2 17.56398450 13.46911778
1 28.81974589 21.53586170
1 18.97040511 18.52572340
0 41.48538034 41.29061014
0 47.51315151 59.11555125
2 8.67155688 15.33938976
1 29.80818558 36.02777708
1 34.96399343 25.38642716
2 0.09579519 1.93453602
1 25.22467818 34.66456293
2 7.17689264 12.22854743
1 25.84184097 21.04829332
2 4.38164469 0.01869841
0 43.97512473 41.50407876
1 34.30794568 29.01723028
1 26.30361708 37.68878716
1 35.67723243 27.49697274
2 10.27584604 2.46096616
1 39.01468029 22.55676135
1 20.55805191 27.78143953
1 20.28168477 34.95833217
2 13.47443540 0.80017313
0 48.20304773 45.18181783
1 21.45738346 29.15694257
2 16.00232933 3.46488824
0 49.66282645 49.76850532
2 18.66271333 5.44573775
2 3.69037727 15.72158378
0 54.10446839 54.73626408
2 6.45309551 15.29431599
2 13.46628557 15.57600076
1 32.70802305 29.05043616
1 32.99805386 37.25348390
0 53.30678308 58.71086735
1 35.11959106 34.71319668
1 25.94962932 24.37602313
1 34.46845474 23.03873644
1 30.48425289 26.72911372
2 8.96101720 0.83358211
0 49.99454285 47.28667762
0 58.80950804 40.75296318
0 42.58280537 53.46098623
0 47.15627585 46.45904008
0 36.91156417 39.76582316
1 35.82379505 34.88541422
0 58.20091417 40.83504354
1 30.34653861 35.30349828
2 7.93790079 5.78775117
1 21.25084675 34.74876837
2 9.30005679 4.74331121
2 12.64358282 3.55281924
2 11.56310959 6.13562461
1 39.53307254 33.29190046
2 4.75651937 10.20346462
2 8.69083355 6.02725966
2 7.33834440 4.22817382
1 30.36187838 34.57471243
2 16.42414882 2.51261321
2 9.21553296 3.76345997
0 42.84049921 53.06351676
0 43.75214308 45.70709957
0 45.41675013 57.27020916
1 20.54234340 36.80328170
2 2.12697676 1.55980106
0 43.47743327 50.25063461
1 19.71330400 17.58897901
2 16.78421826 7.95085740
2 9.15863079 4.37500620
0 47.32079449 53.59053916
2 0.23172653 16.43103837
2 17.88596981 0.18318144
1 39.09303231 25.59993156
1 26.43571942 26.14227497
1 27.07030700 28.26925173
2 17.90835920 11.74668500
0 54.77367106 51.45998899
2 15.86715675 8.24420724
0 51.53535486 57.40283803
2 9.71616618 4.72363251
2 11.66043748 4.95535905
1 26.66822552 22.84132885
0 47.38311314 41.93436115
1 25.36820992 28.37008058
0 40.15658839 55.44038757
2 16.50476793 13.34874677
1 23.10358206 28.12241782
1 27.29137522 23.98957456
1 19.43002576 15.52492942
1 35.94368251 25.24109559
1 26.04787841 36.90153307
2 12.58311268 3.56975858
0 59.30152839 50.95287173
1 31.61987567 36.32108165
2 10.08049791 16.47767004
0 56.81037189 52.98243796
0 55.28693087 56.08602003
2 5.22347883 3.37739524
0 43.40423403 42.80742099
0 38.98782727 38.75110350
0 59.29505301 44.79898189
2 4.55763779 17.38209458
2 12.66155142 16.68362296
0 42.69982620 48.30349862
2 1.10818157 18.38399654
2 14.95692451 15.19436843
0 42.15441421 50.48129929
0 57.47432173 55.70477812
0 56.78380381 59.10901216
2 11.61821531 18.09683942
0 51.69372239 57.39189242
0 48.67076254 41.94953020
0 49.21756127 54.61108163
1 20.71723172 37.31090783
0 48.53798383 58.41908940
0 52.83640598 53.37601390
1 30.11726608 35.53042811
