	num_clusters num_rows num_cols
3 500 2
	centroid of each cluster
18.62180939 19.68625976
-0.66767706 0.15035450
39.76659220 39.23398056
	position of each point
0 24.43158594 11.02373265
0 14.04433424 12.13295068
0 24.16233163 26.37641693
1 1.47544527 -2.77767128
0 11.81532561 27.24522980
1 -6.95173184 4.87105169
1 6.58683511 -0.38923630
2 35.56650872 31.55986220
1 -3.77719683 5.39357190
2 41.18883061 48.98283766
1 -1.17332475 3.41442359
1 -3.27734302 7.45875783
0 18.13333644 21.62108945
1 -5.98036017 -6.90346529
1 -2.11834527 -5.08813967
2 46.00331385 37.96012849
2 36.26593082 34.54696359
0 18.23920985 20.11347232
0 20.13946761 26.33627549
0 22.17196965 17.52510609
1 1.47441259 6.35178135
2 41.80058819 33.07443831
0 24.25971445 21.20777475
2 43.09525765 45.22741458
1 9.15312956 -6.89093069
1 -7.54376874 9.11238315
0 10.63038464 15.37831396
2 38.41530173 43.61752381
0 27.76008101 13.75699141
1 -7.50156782 5.92896106
1 -3.78037899 -2.59662634
2 33.35523342 49.20396185
2 47.94960367 43.46367629
1 -5.83493664 -3.44106607
0 23.47705777 15.71206349
0 17.70091252 18.16829475
2 39.88489574 38.79867939
2 26.61584257 27.21398111
0 23.46026171 24.97406211
1 -3.35904368 7.47249430
2 37.34675703 33.69211530
1 -5.59566093 -2.95265128
0 14.53635942 14.99695239
0 25.87615454 19.16201575
2 32.44336423 32.63907352
0 22.11964323 20.33998603
1 10.90830537 10.22488178
0 25.07528147 26.84072435
1 -7.14021862 0.30098605
0 24.40127271 26.94194238
0 11.87172510 14.28869940
1 6.74555114 -1.30696153
2 40.82333902 43.22939790
0 28.36480319 19.10555243
1 2.46520129 1.54891666
2 42.27766288 33.66855988
1 10.25841921 14.57686524
2 47.03785494 49.65214672
2 41.03127177 32.51192809
2 29.99875072 26.91320080
0 16.43872395 28.78492590
1 6.57081249 5.53047704
0 23.75024975 16.35381606
0 25.92663939 14.71861924
2 37.26504478 47.18382053
0 11.24252369 19.46148340
1 -4.44001137 -0.28009738
1 0.10233536 -3.24224245
1 1.48540643 7.78902932
0 13.16946354 27.78778003
0 21.79546303 14.22650398
0 14.71016191 10.79731647
1 -3.68210073 4.54756622
1 -8.84496548 0.47420560
1 -4.90227780 7.73925038
0 10.58932653 28.98177407
1 9.74949075 -5.45823730
2 33.48652020 44.64409806
0 16.87569637 16.12950447
0 22.77680063 19.29896801
0 25.59110569 11.09443103
0 27.19033664 15.80459295
0 24.32004463 22.12249222
2 47.80356867 43.27752674
0 16.00571195 28.37524894
2 41.39167577 48.96457547
2 36.23912297 48.71406621
0 20.80647280 12.20058641
2 32.13158016 39.07628278
1 1.24571685 -8.14691660
2 28.14763358 27.44418910
1 -0.72394573 4.63452573
1 -8.79820856 -1.04542965
1 -2.32490518 -3.24186098
1 -5.37739620 2.76385097
2 49.30936316 34.15552673
1 2.97789658 0.39464971
1 1.18819269 -8.79887750
0 14.04258685 13.33270266
1 -6.97351452 4.57841952
0 21.30935213 22.72605309
2 30.68664980 32.00210735
0 25.86854043 13.20389879
1 -6.82707674 0.87899361
1 -6.24516716 5.50159741
1 -7.28800865 4.81096057
1 -9.36627468 -2.21114286
2 47.26952551 48.97704983
0 26.10591210 13.01963668
1 -5.98141854 -3.95387783
1 3.78433424 7.35547430
2 30.99427610 48.04212410
1 -7.16125632 3.91066452
2 43.63778162 47.08358778
2 41.19495857 30.83842062
0 11.51598649 13.55041198
2 45.99254114 34.18413730
1 10.86374549 11.45366280
2 36.93607234 47.55957491
1 6.34110185 -8.42184364
0 10.32455087 25.36249060
2 27.03405298 26.35676670
1 5.74566244 9.19551038
2 47.66117069 42.83329200
2 40.45567254 34.02825057
2 48.75177181 35.54423706
1 -8.14116837 -8.46322181
1 2.75474860 -7.59947631
0 12.62771539 19.33659603
2 45.52031886 35.67769788
1 4.45904449 -3.99775125
0 20.75324441 13.03630172
1 -4.91043158 8.78196417
1 3.33655695 6.44313485
2 48.66713326 36.89880739
2 34.83613019 35.65057920
0 24.55553910 17.50941082
2 38.45908531 30.26415941
1 -6.18370568 -7.10812520
2 46.73307824 48.41219366
0 21.22801850 22.87123815
1 -8.91455064 -6.37551745
2 37.29964693 38.71405097
1 2.70935488 -7.94939208
2 40.95235481 30.71774118
1 3.22360531 -4.44612862
1 11.03909286 10.10941047
2 40.39135862 38.56849579
2 32.14414806 42.38479011
0 13.23353353 19.11786834
2 40.00061688 30.34588683
0 12.76994898 11.43133621
1 8.57558282 -1.26901686
2 43.16318080 31.44033801
1 -5.80608636 2.39269281
1 -7.87654613 -4.38370188
0 15.70357329 16.65539098
2 46.79310355 47.04674960
2 38.14679321 49.19089766
1 -7.60764233 -7.57556881
0 25.05011581 22.42504808
0 10.57911206 25.19499707
2 39.73259088 43.77057988
2 37.60012067 36.93376067
1 -2.48174162 1.12767432
0 18.15413727 23.25112819
2 44.34388754 48.95470150
0 10.64304828 25.74780504
0 25.51070481 13.89459824
0 12.76315144 16.28695592
2 49.13346643 31.33707171
1 5.84966823 -8.08381622
2 43.99720626 41.64877466
2 30.87572740 49.24889534
2 39.19458658 36.76715372
0 19.90613856 24.92129098
2 46.23398865 39.26517852
2 39.21722973 39.90822680
0 29.24722041 15.41893160
0 18.46810873 18.18208305
0 10.11342825 17.31554946
0 14.18379585 13.16521769
0 13.44916051 27.16242394
2 46.48510505 48.03815136
2 46.45481026 37.23273793
0 17.55218978 27.13887649
1 1.90069751 3.37286513
1 5.20390671 -7.40990515
2 44.25492095 31.83731525
0 27.20053344 20.30542399
0 16.43310183 20.41885225
2 47.00274195 44.60264810
2 39.48856585 48.05180862
0 23.62316442 24.53691366
1 7.00665832 0.99172391
2 37.15730593 48.54391369
1 2.22924452 0.44461119
1 -3.43363837 -4.35148211
2 40.81170553 49.90343885
0 10.47598103 27.10397228
1 8.32233958 -6.46292589
0 13.48424758 10.53981605
1 1.81137328 0.02838191
2 47.30092291 33.65154633
1 -9.17137612 -9.34179536
2 41.58906279 37.81551057
2 49.48837818 30.04475508
1 -9.23944132 -3.38888329
0 14.62283404 27.42282225
2 40.32242466 47.89880328
1 -3.67256073 6.22114285
2 22.75130612 29.70539043
2 43.77782107 41.51676369
1 2.85614462 -1.18231340
2 36.47138182 39.64631048
0 21.07834294 11.23537326
2 44.22921774 30.72375143
2 37.82470371 31.48431011
0 17.06870758 16.10714415
0 16.21615030 26.42956882
1 -7.53243471 -7.24299191
0 12.25605438 25.50831421
2 32.58435952 39.28613528
0 22.94104658 12.14227989
1 -3.05072006 -1.38633827
0 11.61571796 29.69200467
2 34.09766654 43.92122240
2 36.62437020 31.74592610
2 45.76219058 38.81463369
1 -7.67716681 5.03078399
0 16.78227907 27.49834928
0 17.46286780 29.75440365
2 37.84884694 32.33876316
2 49.75158979 45.27980974
1 -9.52798078 -7.77091032
2 40.83875915 33.84480764
1 -7.55912767 -2.05752582
2 44.76673696 44.56684439
2 38.57691168 40.32903497
1 -1.50576943 2.65186815
1 -5.15888174 9.43414723
2 33.94501404 36.89701502
2 48.55722403 44.74586197
1 -7.54443071 4.49745175
2 38.49619446 44.96947098
1 -6.84951866 -4.19176988
2 47.49677289 38.24910245
1 -4.23571318 -6.98416060
2 45.77772685 41.59275109
0 24.60580057 10.08698165
1 -1.53534174 -5.07190008
1 9.82186524 -1.12688604
1 0.93347584 -2.56966202
2 34.38384962 39.88590727
2 23.11403313 28.38210173
0 14.07330631 11.53258306
2 48.87738716 49.02935595
0 11.62394216 14.79364276
1 8.93734157 -9.42863039
0 16.57977593 25.17717018
1 -3.12592157 -6.35817156
2 36.60252816 33.46369367
0 23.22799292 24.39716953
1 4.59931963 8.78101914
0 20.46809809 21.89505227
2 31.30634752 45.96835859
1 7.95282709 4.84574574
0 12.84840910 26.46968790
2 40.75983052 45.40702946
2 40.26400303 31.98680538
2 39.85515719 38.86088381
1 4.37441127 5.46341198
0 17.76677929 18.69140489
0 18.58948530 13.29072451
1 9.29809859 3.75882261
1 -1.61118641 5.06517013
2 49.01211166 43.01799722
2 38.66476567 45.86640632
2 33.11106245 36.62623683
2 48.12872885 46.89023986
1 -1.67643458 -3.25460296
1 -7.83976957 -8.88019170
1 9.46058912 -1.11341239
0 21.15811733 27.47607291
0 11.63666467 26.77417149
1 -5.98973572 -4.83701493
0 12.35222248 14.17509672
2 45.53992640 42.83986239
1 -4.80268178 5.95092485
1 0.26173949 4.07965369
1 7.31296615 -7.59678090
1 3.22507661 -5.43655047
2 34.60059904 34.02403864
0 14.66752636 25.18215597
0 18.02517821 26.81882065
2 35.14165266 30.82908493
0 27.32329724 13.18130740
2 32.52293903 48.72123380
0 13.58898713 13.91855201
0 21.28127208 24.18029151
1 5.86379687 1.49325764
1 -2.80828129 -5.28166576
2 49.63944886 39.31893328
1 -9.02623340 3.98645964
0 29.78415725 12.01163784
0 25.36871938 17.15329049
2 46.11626658 34.47658773
2 31.03891050 36.99952676
0 28.80141682 20.58851390
1 2.51484798 -8.13021403
0 10.30793281 27.73358284
2 40.50423677 34.92530154
1 -4.73600977 -5.43524961
2 34.04778235 35.53851699
0 28.01373045 15.32267424
1 -1.20150082 -9.30860640
1 -9.58764717 6.80766019
2 45.20751389 47.84657069
2 38.72390874 46.64798750
0 16.15885561 19.16283547
1 7.77409398 -0.52923170
1 -9.11741002 9.97500506
1 -1.29057978 -4.76100472
0 15.85518373 19.28677764
1 6.98740689 -2.69949192
2 40.13126788 46.09900726
2 40.42841937 46.51136009
1 5.20215858 1.71887397
2 36.97542456 30.44278271
1 -0.66279556 -3.39836168
0 23.56877029 14.37573229
1 5.53391897 -4.74167772
1 -7.57563081 3.96774250
1 3.87956983 9.82292624
1 0.87328745 6.81033312
1 3.18967930 -3.05839901
1 6.19746475 7.37002036
2 46.01291040 42.57217895
2 43.67492673 49.54760351
0 17.98493056 18.88480794
2 41.45776987 32.45357822
2 34.40137746 47.98749719
2 47.31999012 30.41186638
1 5.47759805 4.29143621
1 -7.07801638 -4.83527635
2 27.66687727 28.35440295
2 38.51077818 44.55186769
2 45.86603916 40.56477809
2 44.94017412 34.23970481
0 24.45709178 22.22463537
1 -9.42435225 -6.31759478
1 1.06993603 -1.91621732
2 36.82254658 35.40377279
2 46.54289963 30.88137084
1 -3.91382109 -6.19664554
2 42.43979131 31.47023172
2 35.73500470 39.98100990
2 46.40023846 35.84704906
1 9.63765115 -9.21277683
1 -7.57733265 5.24431495
2 44.09249149 45.81996270
2 38.21589385 36.88989872
1 -9.67320662 3.71244531
1 2.84955931 0.25534493
1 9.66376143 6.34152384
0 21.64268721 18.78131515
0 11.97601591 24.51631984
1 -3.13878769 0.91655829
0 12.31118680 20.55420945
1 -7.99913390 2.97687680
2 43.91518076 37.06936828
1 -0.48809936 5.28526213
2 43.19240322 45.61205551
2 32.27667858 38.46161480
1 2.24232479 -1.87462377
1 -3.98867456 9.76806344
1 11.25055782 11.74407934
0 16.47080010 18.60529166
0 27.53809145 20.91647846
0 19.39260595 22.91734456
2 46.49143540 36.83252530
1 9.41022755 6.34442596
2 39.21891842 39.53682917
2 42.74005459 41.81350775
0 16.51653569 14.05583252
2 46.63454065 40.06715796
2 45.53386074 41.31771578
2 38.94950068 47.78851589
1 3.28169891 5.32660733
0 18.16810659 14.71921328
0 26.03139106 11.21064867
1 0.96404381 -9.37912378
1 -8.81804132 -0.16020537
2 37.01192907 32.57984921
2 31.30351426 39.09638491
1 -6.27952432 -4.26907444
0 15.90550053 11.26478629
2 39.83460473 40.21428697
1 -7.63099942 -6.50401412
2 35.81987489 41.66409246
0 12.18809375 17.69548351
1 -4.61116208 8.65952733
0 14.93400803 29.84148601
1 4.01600731 -3.14658492
1 4.91151433 -1.84307066
1 9.86285388 1.87740503
2 24.88135137 27.78290556
1 -8.78243535 -2.38248972
0 15.34229381 19.98651087
2 34.79363030 45.80638576
0 18.96418007 27.99447951
1 4.34537851 -6.61668258
1 -9.65254685 -1.68267455
0 26.18932244 12.33333277
2 24.61104093 27.24484710
2 32.12914432 47.10770097
1 5.37817329 1.98905234
2 39.89198855 43.20661699
2 44.62009078 48.54891081
0 12.84417887 13.34254110
1 -7.26764056 2.30672118
0 20.31602353 16.65209968
2 46.55921493 36.99955283
0 12.64389234 13.18887526
1 5.58198483 7.79991620
2 26.67700666 29.92906053
2 39.64943350 45.30723382
2 30.40476589 35.19922235
2 28.77760857 29.81931313
1 -2.86303789 -7.33650801
0 21.30270141 15.39585145
2 43.46292021 45.71187498
1 9.00645643 2.27108990
0 22.86731811 24.91498225
1 -0.93848745 0.49696708
0 12.50055409 17.17397373
0 23.04729660 26.82340722
2 45.58309144 47.22817311
0 21.32550328 26.00578168
1 -4.38317409 -6.85725622
1 -6.74931035 4.44544520
2 43.19127457 37.90836540
2 39.78395916 36.91482183
1 3.37619659 9.78213995
1 -9.84269072 -1.15634751
1 -5.26166184 1.34420658
1 -0.75157243 -5.60849682
2 39.06575079 49.97459462
1 4.08229635 1.30009789
2 48.91815504 46.91692380
1 -3.58249428 -9.83238656
2 49.31270785 43.35888802
2 37.91978494 33.14284717
0 18.79795193 26.51904376
1 -5.40889882 6.67635304
1 0.88121749 -8.58530881
1 -5.65469247 0.66311877
2 24.63280478 29.72886955
1 -7.85152486 3.81116589
0 15.66992717 22.72932092
2 42.33412300 49.14682664
2 23.44376401 28.45953448
2 32.46177042 36.37931940
2 48.39459867 45.17727135
2 44.10956685 49.76837252
1 8.66818752 0.64959000
1 4.57101477 4.99489753
2 44.86534520 39.62770232
2 45.13427024 41.77617745
1 -3.29670683 7.44610463
1 5.18923989 -0.21977238
1 -6.15719995 -6.77600838
1 -4.14475177 -4.31423796
2 41.01054358 34.08036070
1 2.68488268 8.18992755
0 21.03557482 26.85811507
2 40.80095816 41.42912983
2 31.22946025 36.29447503
2 41.38683190 31.42874527
0 25.35536944 18.13203844
0 22.05322789 13.32127832
2 37.89791298 37.16407837
2 32.20213254 43.01932660
2 32.88567151 34.02987017
2 28.74648183 26.71475286
2 44.37566465 37.75032767
0 10.65443746 28.55128582
0 11.92810781 29.78074608
1 2.82948048 1.16757798
1 5.50703061 -3.47705260
1 5.63068534 8.57617529
0 15.53456770 16.47408827
2 48.66244168 38.67622081
2 47.47607769 41.56189232
1 -9.62992559 0.30837413
0 11.45399869 14.68403877
2 49.39603803 35.33847623
0 18.76720719 17.26658405
2 34.43285139 30.09606453
2 31.52724086 45.60309513
